MAPS = {
21:[[114.26985400532834,22.318019833102653,2,0],[114.26991470966863,22.317966977260497,2,0],[114.26986522167562,22.317906049535154,2,0],[114.26980337740952,22.317959236577323,2,0]],
22:[[114.26991545203498,22.317967688418037,2,0],[114.26999569338449,22.31790081504414,2,0],[114.26994273285766,22.31784367665432,2,0],[114.26986332619441,22.317906368512936,2,0]],
23:[[114.26999529582298,22.317901857379027,2,0],[114.27008207149163,22.317829146537605,2,0],[114.27004325549865,22.317783423250503,2,0],[114.26995492915569,22.31785820658699,2,0]],
24:[[114.26995378923004,22.317858537765133,2,0],[114.26997642758988,22.31784037530349,2,0],[114.26995753680382,22.317820143904385,2,0],[114.26993640955266,22.317838330770115,2,0]],
25:[[114.26993565399931,22.31783831856889,2,0],[114.269929603825,22.31777844178653,2,0],[114.26994985873574,22.317786459732687,2,0],[114.26995597294035,22.31782291533426,2,0]],
26:[[114.26995308069223,22.317795950563294,2,0],[114.26998336691855,22.317773017391517,2,0],[114.26996529762954,22.317749303393725,2,0],[114.26993184411089,22.31777987630292,2,0]],
27:[[114.27009656327084,22.317923599114252,2,0],[114.27004186552455,22.317858392222206,2,0],[114.27007983918492,22.317828591489473,2,0],[114.27013416574806,22.317893442816015,2,0]],
28:[[114.27001255860199,22.317808828197144,2,0],[114.27011441926248,22.317724248490606,2,0],[114.27006246459746,22.31766735276487,2,0],[114.2699630046672,22.31775139519199,2,0]],
29:[[114.27013833489735,22.31777205520065,2,0],[114.27010397310431,22.317730598844463,2,0],[114.27011352964104,22.317724810205064,2,0],[114.2701483153698,22.317763826310284,2,0]],
210:[[114.2700806630308,22.317684154569378,2,0],[114.27004991212982,22.317648542613924,2,0],[114.27011323619985,22.317596543192863,2,0],[114.27014555634952,22.31762892476759,2,0]],
211:[[114.27014407483261,22.31762750553021,2,0],[114.27014543975463,22.31760845827155,2,0],[114.27013067721674,22.31759147611629,2,0],[114.27011864211153,22.317603141954066,2,0]],
}

SOURCE_INFO_DICT = {
}

SURFACE_FEATURE = {
}